33 42
21 31
0 41
0 59
0 93
0 76
13 56
0 9
9 25
73 88
0 39
31 83
0 24
0 89
0 10
0 62
21 26
13 21
0 29
0 40
40 56
48 80
0 47
26 55
62 67
0 16
56 82
0 56
25 31
0 19
62 98
56 98
25 98
0 70
56 59
53 92
51 83
30 73
25 40
0 46
92 94
28 41
0 77
7 87
55 67
17 41
25 72
1 48
0 57
0 42
25 39
9 21
26 56
22 87
26 79
0 91
1 73
13 98
0 18
0 99
0 58
0 65
25 56
0 49
0 5
9 75
3 9
10 67
48 53
48 54
13 59
0 4
48 88
67 72
56 67
40 72
0 73
48 57
30 48
3 25
25 83
0 37
21 55
14 41
0 87
68 99
9 72
3 26
0 22
6 89
40 67
0 97
25 94
82 84
5 87
41 93
29 40
59 98
30 56
56 66
0 98
0 43
80 92
26 40
25 51
0 64
0 83
0 20
31 51
25 79
62 96
13 67
9 67
53 94
89 95
20 44
0 71
66 67
0 2
67 79
59 82
0 35
0 1
56 60
0 84
13 26
0 32
29 82
41 44
24 80
82 98
9 66
26 62
26 66
26 67
19 89
0 69
25 26
3 67
0 54
0 25
0 36
21 67
21 40
25 69
0 26
51 84
0 90
65 82
1 92
9 56
25 73
0 14
27 54
0 80
0 31
16 82
7 31
0 92
0 96
24 53
0 67
56 75
0 79
20 41
4 78
0 6
0 3
67 98
21 25
0 52
67 82
0 27
0 81
0 30
9 26
0 86
0 74
57 80
31 84
1 88
0 55
48 73
80 88
0 82
67 75
67 69
7 22
0 33
23 51
9 85
0 17
53 88
0 11
80 94
0 23
0 94
0 78
23 61
23 99
9 69
32 93
16 29
0 61
2 20
26 69
26 72
0 38
83 84
56 72
0 53
0 85
25 67
25 88
0 68
24 57
7 38
0 45
0 34
55 56
0 60
0 44
0 66
26 98
9 30
23 83
75 85
3 85
9 79
0 72
21 56
0 63
14 20
3 72
21 66
19 41
40 77
14 28
17 19
25 76
56 62
21 98
0 21
25 65
0 48
6 95
0 75
13 65
0 51
13 82
56 88
0 95
0 8
56 63
0 28
1 54
24 92
0 13
0 88
24 94
0 7
45 67
53 54
0 12
1 53
8 91
39 69
57 92
0 15
25 84
21 39
0 50
31 67
7 65
21 88
